{
	"format_version": "1.12.0",
	"minecraft:geometry": [
		{
			"description": {
				"identifier": "geometry.money_projectile",
				"texture_width": 16,
				"texture_height": 16,
				"visible_bounds_width": 2,
				"visible_bounds_height": 1.5,
				"visible_bounds_offset": [0, 0.25, 0]
			},
			"bones": [
				{
					"name": "bone",
					"pivot": [0, 0.9, 1.9],
					"rotation": [90, 0, 0]
				},
				{
					"name": "coin18",
					"parent": "bone",
					"pivot": [-0.775, 2.825, 3.7],
					"rotation": [-90, 0, 0],
					"cubes": [
						{
							"origin": [-0.41198, 4.27492, 3.3872],
							"size": [0.87108, 0.25024, 0.6256],
							"pivot": [0.02356, 2.33556, 3.7],
							"rotation": [0, 0, -45],
							"uv": {
								"north": {"uv": [1.25, 4], "uv_size": [1.5, 0.5]},
								"east": {"uv": [1.25, 4], "uv_size": [1.5, 0.5]},
								"south": {"uv": [1.25, 4], "uv_size": [1.5, 0.5]},
								"west": {"uv": [1.25, 4], "uv_size": [1.5, 0.5]},
								"up": {"uv": [4.5, 16], "uv_size": [-4.5, -4.25]},
								"down": {"uv": [2.75, 4.5], "uv_size": [-1.5, -0.5]}
							}
						},
						{
							"origin": [-0.41198, 4.27492, 3.3872],
							"size": [0.87108, 0.25024, 0.6256],
							"pivot": [0.02356, 2.33556, 3.7],
							"rotation": [0, 0, -22.5],
							"uv": {
								"north": {"uv": [1.25, 4], "uv_size": [1.5, 0.5]},
								"east": {"uv": [1.25, 4], "uv_size": [1.5, 0.5]},
								"south": {"uv": [1.25, 4], "uv_size": [1.5, 0.5]},
								"west": {"uv": [1.25, 4], "uv_size": [1.5, 0.5]},
								"up": {"uv": [4.75, 16], "uv_size": [-4.75, -4.25]},
								"down": {"uv": [2.75, 4.5], "uv_size": [-1.5, -0.5]}
							}
						},
						{
							"origin": [-0.41198, 4.27492, 3.3872],
							"size": [0.87108, 0.25024, 0.6256],
							"uv": {
								"north": {"uv": [1.25, 4], "uv_size": [1.5, 0.5]},
								"east": {"uv": [1.25, 4], "uv_size": [1.5, 0.5]},
								"south": {"uv": [1.25, 4], "uv_size": [1.5, 0.5]},
								"west": {"uv": [1.25, 4], "uv_size": [1.5, 0.5]},
								"up": {"uv": [4.75, 16], "uv_size": [-4.75, -4.25]},
								"down": {"uv": [2.75, 4.5], "uv_size": [-1.5, -0.5]}
							}
						},
						{
							"origin": [-0.41198, 4.27492, 3.3872],
							"size": [0.87108, 0.25024, 0.6256],
							"pivot": [0.02356, 2.33556, 3.7],
							"rotation": [0, 0, 22.5],
							"uv": {
								"north": {"uv": [1.25, 4], "uv_size": [1.5, 0.5]},
								"east": {"uv": [1.25, 4], "uv_size": [1.5, 0.5]},
								"south": {"uv": [1.25, 4], "uv_size": [1.5, 0.5]},
								"west": {"uv": [1.25, 4], "uv_size": [1.5, 0.5]},
								"up": {"uv": [4.75, 16], "uv_size": [-4.75, -4.25]},
								"down": {"uv": [2.75, 4.5], "uv_size": [-1.5, -0.5]}
							}
						},
						{
							"origin": [-0.41198, 4.27492, 3.3872],
							"size": [0.87108, 0.25024, 0.6256],
							"pivot": [0.02356, 2.33556, 3.7],
							"rotation": [0, 0, 45],
							"uv": {
								"north": {"uv": [1.25, 4], "uv_size": [1.5, 0.5]},
								"east": {"uv": [1.25, 4], "uv_size": [1.5, 0.5]},
								"south": {"uv": [1.25, 4], "uv_size": [1.5, 0.5]},
								"west": {"uv": [1.25, 4], "uv_size": [1.5, 0.5]},
								"up": {"uv": [4.75, 16], "uv_size": [-4.75, -4.25]},
								"down": {"uv": [2.75, 4.5], "uv_size": [-1.5, -0.5]}
							}
						},
						{
							"origin": [-0.41198, 0.14596, 3.3872],
							"size": [0.87108, 0.25024, 0.6256],
							"pivot": [0.02356, 2.33556, 3.7],
							"rotation": [0, 0, -45],
							"uv": {
								"north": {"uv": [1.25, 4], "uv_size": [1.5, 0.5]},
								"east": {"uv": [1.25, 4], "uv_size": [1.5, 0.5]},
								"south": {"uv": [1.25, 4], "uv_size": [1.5, 0.5]},
								"west": {"uv": [1.25, 4], "uv_size": [1.5, 0.5]},
								"up": {"uv": [2.75, 4.5], "uv_size": [-1.5, -0.5]},
								"down": {"uv": [4.5, 16], "uv_size": [-4.5, -4.25]}
							}
						},
						{
							"origin": [-0.41198, 0.14596, 3.3872],
							"size": [0.87108, 0.25024, 0.6256],
							"pivot": [0.02356, 2.33556, 3.7],
							"rotation": [0, 0, -22.5],
							"uv": {
								"north": {"uv": [1.25, 4], "uv_size": [1.5, 0.5]},
								"east": {"uv": [1.25, 4], "uv_size": [1.5, 0.5]},
								"south": {"uv": [1.25, 4], "uv_size": [1.5, 0.5]},
								"west": {"uv": [1.25, 4], "uv_size": [1.5, 0.5]},
								"up": {"uv": [2.75, 4.5], "uv_size": [-1.5, -0.5]},
								"down": {"uv": [4.75, 16], "uv_size": [-4.75, -4.25]}
							}
						},
						{
							"origin": [-0.41198, 0.14596, 3.3872],
							"size": [0.87108, 0.25024, 0.6256],
							"uv": {
								"north": {"uv": [1.25, 4], "uv_size": [1.5, 0.5]},
								"east": {"uv": [1.25, 4], "uv_size": [1.5, 0.5]},
								"south": {"uv": [1.25, 4], "uv_size": [1.5, 0.5]},
								"west": {"uv": [1.25, 4], "uv_size": [1.5, 0.5]},
								"up": {"uv": [2.75, 4.5], "uv_size": [-1.5, -0.5]},
								"down": {"uv": [4.75, 16], "uv_size": [-4.75, -4.25]}
							}
						},
						{
							"origin": [-0.41198, 0.14596, 3.3872],
							"size": [0.87108, 0.25024, 0.6256],
							"pivot": [0.02356, 2.33556, 3.7],
							"rotation": [0, 0, 22.5],
							"uv": {
								"north": {"uv": [1.25, 4], "uv_size": [1.5, 0.5]},
								"east": {"uv": [1.25, 4], "uv_size": [1.5, 0.5]},
								"south": {"uv": [1.25, 4], "uv_size": [1.5, 0.5]},
								"west": {"uv": [1.25, 4], "uv_size": [1.5, 0.5]},
								"up": {"uv": [2.75, 4.5], "uv_size": [-1.5, -0.5]},
								"down": {"uv": [4.75, 16], "uv_size": [-4.75, -4.25]}
							}
						},
						{
							"origin": [-0.41198, 0.14596, 3.3872],
							"size": [0.87108, 0.25024, 0.6256],
							"pivot": [0.02356, 2.33556, 3.7],
							"rotation": [0, 0, 45],
							"uv": {
								"north": {"uv": [1.25, 4], "uv_size": [1.5, 0.5]},
								"east": {"uv": [1.25, 4], "uv_size": [1.5, 0.5]},
								"south": {"uv": [1.25, 4], "uv_size": [1.5, 0.5]},
								"west": {"uv": [1.25, 4], "uv_size": [1.5, 0.5]},
								"up": {"uv": [2.75, 4.5], "uv_size": [-1.5, -0.5]},
								"down": {"uv": [4.75, 16], "uv_size": [-4.75, -4.25]}
							}
						},
						{
							"origin": [1.96292, 1.90002, 3.3872],
							"size": [0.25024, 0.87108, 0.6256],
							"pivot": [0.02356, 2.33556, 3.7],
							"rotation": [0, 0, -22.5],
							"uv": {
								"north": {"uv": [1.25, 4], "uv_size": [1.5, 0.5]},
								"east": {"uv": [1.25, 4], "uv_size": [1.5, 0.5]},
								"south": {"uv": [1.25, 4], "uv_size": [1.5, 0.5]},
								"west": {"uv": [0, 0], "uv_size": [4.25, 4.75]},
								"up": {"uv": [2.75, 4.5], "uv_size": [-1.5, -0.5]},
								"down": {"uv": [2.75, 4.5], "uv_size": [-1.5, -0.5]}
							}
						},
						{
							"origin": [1.96292, 1.90002, 3.3872],
							"size": [0.25024, 0.87108, 0.6256],
							"uv": {
								"north": {"uv": [1.25, 4], "uv_size": [1.5, 0.5]},
								"east": {"uv": [1.25, 4], "uv_size": [1.5, 0.5]},
								"south": {"uv": [1.25, 4], "uv_size": [1.5, 0.5]},
								"west": {"uv": [0, 0], "uv_size": [4.25, 4.75]},
								"up": {"uv": [2.75, 4.5], "uv_size": [-1.5, -0.5]},
								"down": {"uv": [2.75, 4.5], "uv_size": [-1.5, -0.5]}
							}
						},
						{
							"origin": [1.96292, 1.90002, 3.3872],
							"size": [0.25024, 0.87108, 0.6256],
							"pivot": [0.02356, 2.33556, 3.7],
							"rotation": [0, 0, 22.5],
							"uv": {
								"north": {"uv": [1.25, 4], "uv_size": [1.5, 0.5]},
								"east": {"uv": [1.25, 4], "uv_size": [1.5, 0.5]},
								"south": {"uv": [1.25, 4], "uv_size": [1.5, 0.5]},
								"west": {"uv": [0, 0], "uv_size": [4.25, 5]},
								"up": {"uv": [2.75, 4.5], "uv_size": [-1.5, -0.5]},
								"down": {"uv": [1.75, 5.5], "uv_size": [-0.5, -1.5]}
							}
						},
						{
							"origin": [-2.16604, 1.90002, 3.3872],
							"size": [0.25024, 0.87108, 0.6256],
							"pivot": [0.02356, 2.33556, 3.7],
							"rotation": [0, 0, -22.5],
							"uv": {
								"north": {"uv": [1.25, 4], "uv_size": [1.5, 0.5]},
								"east": {"uv": [0, 0], "uv_size": [4.25, 5]},
								"south": {"uv": [1.25, 4], "uv_size": [1.5, 0.5]},
								"west": {"uv": [1.25, 4], "uv_size": [1.5, 0.5]},
								"up": {"uv": [2.75, 4.5], "uv_size": [-1.5, -0.5]},
								"down": {"uv": [2.75, 4.5], "uv_size": [-1.5, -0.5]}
							}
						},
						{
							"origin": [-2.16604, 1.90002, 3.3872],
							"size": [0.25024, 0.87108, 0.6256],
							"uv": {
								"north": {"uv": [1.25, 4], "uv_size": [1.5, 0.5]},
								"east": {"uv": [0, 0], "uv_size": [4.25, 5]},
								"south": {"uv": [1.25, 4], "uv_size": [1.5, 0.5]},
								"west": {"uv": [1.25, 4], "uv_size": [1.5, 0.5]},
								"up": {"uv": [2.75, 4.5], "uv_size": [-1.5, -0.5]},
								"down": {"uv": [2.75, 4.5], "uv_size": [-1.5, -0.5]}
							}
						},
						{
							"origin": [-2.16604, 1.90002, 3.3872],
							"size": [0.25024, 0.87108, 0.6256],
							"pivot": [0.02356, 2.33556, 3.7],
							"rotation": [0, 0, 22.5],
							"uv": {
								"north": {"uv": [1.25, 4], "uv_size": [1.5, 0.5]},
								"east": {"uv": [0, 0], "uv_size": [4.25, 5]},
								"south": {"uv": [1.25, 4], "uv_size": [1.5, 0.5]},
								"west": {"uv": [1.25, 4], "uv_size": [1.5, 0.5]},
								"up": {"uv": [16, 16], "uv_size": [-16, -16]},
								"down": {"uv": [2.75, 4.5], "uv_size": [-1.5, -0.5]}
							}
						},
						{
							"origin": [-1.96272, 0.33364, 3.41848],
							"size": [3.94128, 4.03512, 0.56304],
							"uv": {
								"north": {"uv": [5.08103, 0], "uv_size": [9.84901, 10.23098]},
								"east": {"uv": [12.33103, 11], "uv_size": [2.34901, 4.48098]},
								"south": {"uv": [5.08103, 0], "uv_size": [9.84901, 10.23098]},
								"west": {"uv": [12.33103, 11], "uv_size": [2.34901, 4.48098]},
								"up": {"uv": [14.68005, 15.48098], "uv_size": [-2.34901, -4.48098]},
								"down": {"uv": [14.68005, 15.48098], "uv_size": [-2.34901, -4.48098]}
							}
						}
					]
				}
			]
		}
	]
}